Threads: 1024 Blocks: 526
0.03094;0.00234;0.00230
Threads: 1024 Blocks: 526
0.02883;0.00230;0.00230
Threads: 1024 Blocks: 526
0.02877;0.00230;0.00230
Threads: 1024 Blocks: 526
0.02893;0.00230;0.00227
Threads: 1024 Blocks: 526
0.02883;0.00230;0.00230
Threads: 1024 Blocks: 526
0.03107;0.00234;0.00230
Threads: 1024 Blocks: 526
0.02858;0.00230;0.00230
Threads: 1024 Blocks: 526
0.02989;0.00234;0.00234
Threads: 1024 Blocks: 526
0.02874;0.00230;0.00230
Threads: 1024 Blocks: 526
0.02877;0.00230;0.00230
